6.6
7
7.1
7.2
7.3
7.5
8.1
8.7
9
9.2
9.4
9.8
10.2
11.1
11.5
12.5
12.8
13
13.3
13.5
13.5
13.9
14.1
14.5
14.9
15
14.9
15.5
15.4
15.7
15.9
15.5
16
16.3
16.4
16.8
17.1
17.1
17.4
17.7
17.5
17.4
17.7
18
18.2
18.45
18.5
19
18.9
19
19.2
19.1
19.19
19.35
19.27
19.49
19.5
19.82
19.75
20
19.9
20.3
20.1
20.22
20.45
20.3
20.65
20.51
20.56
20.82
21.12
20.85
21.3
21
21.25
21.17
21.4
21.24
21.7
21.81
21.95
21.99
21.9
22.2
22.16
22.45
22.4
22.42
22.52
22.66
22.83
22.62
22.91
23
23.3
23.22
23.38
23.65
23.73
23.51
